	
7420738134810
54
435 625199055 4199 33263 17 222870 284870433 720932379 7 11 31 247110827 23 1771 81809 851968487 13 476379795 1001 5 435274114 38264554 7429 239906525 3 227183706 887045414 606786670 3795 797605175 29 30 747186719 19 2 562347843 74 2294 588002688 7436429 703 591740547 36657492 37 444178205 1002001 217626404


	
1073741824
30
1 2 4 8 16 32 64 128 256 512 1024 2048 4096 8192 16384 32768 65536 131072 262144 524288 1048576 2097152 4194304 8388608 16777216 33554432 67108864 134217728 268435456 536870912
	

1337
5
1 13 42 666 2674
	
42
11
1 2 3 4 5 6 7 13 14 21 42



12
5
4 2 5 6 3

