3
20 10 10 5 5 11

20 10 5




100
6359 63443 6047 59833 4157 39509 3037 27809 2677 24071 2659 23899 1931 16693 1667 14159 12273 4091 1433 11953 9040 4520 1117 8999 997 7883 937 7351 853 6599 5862 2931 5626 2813 5597 193 5115 1705 4982 2491 4975 995 4761 1587 4718 2359 4494 2247 4137 1379 4115 823 3525 1175 3466 1733 3369 1123 3332 1666 3245 649 2934 1467 2920 1460 2920 1460 419 2897 2872 1436 2721 907 389 2683 2669 157 2611 373 2607 869 2548 1274 2536 1268 2244 1122 2206 1103 2019 673 1990 995 1896 948 1829 59 1817 79 1810 905 1760 880 1752 876 1684 842 1659 553 1551 517 1538 769 1524 762 1469 113 1400 700 1390 695 1315 263 1222 611 1222 611 1178 589 1114 557 1099 157 1068 534 1041 347 998 499 979 89 973 139 939 313 939 313 916 458 879 293 800 400 784 392 748 374 746 373 722 361 718 359 668 334 621 207 608 304 591 197 551 29 484 242 465 155 412 206 391 23 325 65 305 61 238 119 31 127 111 37 23 83 23 83 52 26 49 7

6359 6047 4157 3037 2677 2659 1931 1667 12273 1433 9040 1117 997 937 853 5862 5626 5597 5115 4982 4975 4761 4718 4494 4137 4115 3525 3466 3369 3332 3245 2934 2920 2920 419 2872 2721 389 2669 2611 2607 2548 2536 2244 2206 2019 1990 1896 1829 1817 1810 1760 1752 1684 1659 1551 1538 1524 1469 1400 1390 1315 1222 1222 1178 1114 1099 1068 1041 998 979 973 939 939 916 879 800 784 748 746 722 718 668 621 608 591 551 484 465 412 391 325 305 238 31 111 23 23 52 49 
