5000 4999
17 611619
330 690203
335 786983
801 329049
966 142535
1100 171889
1354 795701
1375 265149
1470 843581
1519 75551
1863 741556
2045 982993
2268 172955
2528 648852
2923 374044
3058 174978
3077 572159
3096 761822
3180 834797
3190 554954
3614 252641
3755 777624
4107 933409
4319 703737
4436 39177
4839 767567
5048 570489
5302 551368
5306 842170
5352 294857
5435 351134
5551 696916
6108 146854
6114 261692
6174 580040
6267 214249
6754 122029
6758 280106
6844 888323
7089 782246
7110 882609
7532 98718
7558 548433
7773 924147
7774 30267
7813 289494
7917 475627
7957 464204
7963 926116
8108 9638
8297 842330
8332 463955
9129 489278
9236 996252
9496 14478
9528 626645
9693 184000
9826 700221
9979 668568
10003 300153
10064 400277
10336 97104
10356 63996
10405 988594
10716 936544
10963 69544
10982 283683
11025 870588
11265 815401
11360 298927
11601 893365
11655 235391
11658 502068
11834 230039
11873 380663
11907 961551
11944 359584
12341 335485
12688 511556
12916 936238
12931 179044
13032 937297
13154 508406
13194 441277
13345 789809
14087 892431
14293 223264
14342 802408
14678 944115
15125 202725
15127 322149
15255 19314
15455 69224
15460 998093
15552 465639
16172 604114
16617 798153
16833 869048
16974 961885
17087 676531
17110 797330
17280 602173
17443 690843
17655 569978
17791 527691
17988 563662
19235 297304
19448 76435
19457 411112
19552 425943
19610 538105
19707 995948
20589 559124
20664 690638
20820 683588
20857 600410
20999 819008
21115 97501
21494 846873
21528 365049
21771 836038
21830 769916
22227 584828
22320 588803
22404 624487
23213 38634
23388 833114
23851 717105
23885 875744
24022 420853
24487 206356
24797 793553
24853 739639
24988 299124
25591 851553
25621 342574
25930 910536
26024 310360
26387 59776
26578 194127
26971 79962
27024 528865
27276 576953
27310 573860
27342 9368
27361 228570
27591 18376
27650 811122
27757 289133
28298 504003
28341 297864
28561 654918
28939 678764
28974 538720
29331 188037
29468 150023
29603 80351
29640 500569
30092 710605
30193 811906
30529 642368
30614 941597
30897 375626
31160 203679
31235 199868
31240 638126
31563 602641
32081 468835
32117 691730
32187 677203
32322 578072
32563 183807
33010 391858
33037 98271
33245 811212
33344 260784
33408 543362
33453 91584
33557 614313
33621 324718
33746 49093
33861 680630
33981 42293
34016 282623
34197 479035
34357 998401
34769 289627
34816 681677
35404 432765
35491 232675
35734 309885
35903 846072
36140 130009
36244 992149
36252 36367
36351 12269
36711 836795
36949 99291
37517 220070
37780 853661
37901 985552
37954 460260
37960 128457
38582 85407
38847 766249
38856 838683
38986 225176
39085 919178
39493 200070
39725 467761
39842 782849
40031 396001
40313 231592
40604 73369
41059 195144
42131 18531
42229 186002
42294 750204
43349 278159
43497 24512
43529 660279
43607 165299
43746 457717
43865 996631
43928 764250
44214 849780
44234 761196
44279 520253
44393 173056
44443 486204
44535 540316
44671 360891
44735 533998
44761 907452
44793 184726
44824 561733
44911 300711
45150 601467
45218 717909
45333 656017
46607 924735
46810 779063
46846 484910
46953 415954
46969 377118
47041 124853
47150 145740
47221 924339
47743 642958
47800 475811
47932 726569
48352 640215
48629 787225
48733 641592
48899 176346
48953 383022
49029 276370
49119 474555
49285 231246
49607 171506
49654 711472
49723 261536
49775 348424
50062 872238
50322 265589
50333 632393
50626 53645
50733 607841
50734 150395
50830 232745
50898 527638
51024 522510
51275 673402
51680 375938
51880 770650
51936 680292
52102 118848
52171 310029
52236 418170
52253 250993
52267 234106
52367 840188
52410 465436
52576 339344
52656 47458
52884 702718
52952 103727
53150 141516
53208 356339
53375 175250
53400 975721
53430 542756
53472 818818
53520 479810
54191 36420
54317 831709
54497 784235
54681 582996
54900 239521
55218 531901
55548 670849
55720 428698
55764 401216
55885 983998
56154 836822
56413 434930
56463 882724
56687 653400
56767 253571
56787 738337
56806 292805
56821 353402
56845 180638
56908 999300
57002 977514
57072 145611
57337 539644
57363 94776
57387 50191
57471 872628
57865 542547
57924 238191
58026 357838
58234 744894
58760 760421
59227 134945
59670 341600
60025 195066
60107 247369
60297 904994
60379 821856
60860 429660
61055 371514
61381 264520
61430 13607
61484 629713
61757 920912
61765 542318
62075 192725
62335 83383
62548 836103
62920 995394
62983 96788
63299 936495
63351 226084
63657 986182
63712 650593
64132 795703
64194 63699
64206 827792
64883 227459
65107 632974
65143 35215
65397 13929
65412 304347
65528 884012
65710 600333
65753 759729
66093 703881
66245 714020
66663 121519
66783 700315
67718 975410
68738 622882
68871 71993
68902 868406
68943 115204
69342 703390
69527 773367
69711 923115
69720 655302
69849 419162
69917 710211
69993 319292
70139 895475
70313 459441
70589 921712
70659 889234
70909 939766
71247 667547
71427 355296
71472 863739
71505 451969
71667 965798
72428 475538
72429 775326
72623 620708
72633 83387
72899 311749
73034 964423
73378 545655
73383 54492
73408 686427
73577 394826
73758 550294
73824 922514
73873 299227
74278 80725
74298 762875
74965 54639
75392 951852
75469 217923
75577 775399
75898 594942
75926 138450
76033 180166
76230 879575
76870 258269
76925 136610
76934 921026
77025 870291
77124 14700
77415 341290
77648 826868
77758 824029
77830 137648
78201 735047
78282 613219
78550 691950
78614 950138
78663 383607
78680 799520
78924 367413
79346 992247
79588 420675
79726 498790
79939 911902
80184 64770
80203 168201
80245 368446
80300 243126
80305 229449
80307 344577
80446 276762
80447 281855
80464 733189
80757 248244
81223 949790
81944 641741
83222 522177
83325 768217
83363 261783
83560 903113
83579 265754
83709 888775
83939 563474
84133 441265
84917 331017
85186 923973
85408 800157
85791 33446
85947 623831
86350 231027
86500 482691
86551 270040
86618 432879
86967 296633
87084 108658
87217 928348
87353 607571
87643 501907
87819 440502
87917 660699
88599 888175
88827 928500
88913 112790
89338 557858
89588 961286
89640 261618
89734 341869
89848 790844
89943 877833
89968 311856
90265 790585
90651 7752
90827 102734
90977 960245
90983 715652
91310 925184
91629 970346
91823 869692
92150 836014
92195 744168
92420 716512
92814 819264
92891 570062
92972 796382
93768 735483
93835 186145
94164 709609
94552 690326
94766 574863
94817 633278
95471 182418
95651 358627
95689 801728
95723 657158
95888 514414
95897 84751
95947 781146
96235 744086
96480 813088
96736 323120
97241 619817
97392 174323
97585 457247
97625 859175
97913 926969
97919 819459
98034 231120
98123 527180
98266 41831
98583 52416
98720 680412
98769 286662
99410 6161
99731 638436
99869 553363
99870 619125
99886 686951
99892 488457
100227 139215
100252 617050
100740 240755
100835 728719
100866 421701
100907 799203
100963 520196
100984 548369
101094 235764
101189 986294
101328 608227
101391 32039
101608 22025
101657 586273
101675 211187
101884 635331
102076 776792
102134 800297
102145 936094
102590 14085
102597 71684
102692 728266
102696 630371
102722 930409
103248 17319
103347 307323
103531 362972
103931 133818
104078 45070
104110 940126
104462 4513
104781 389619
104843 432594
105591 993110
105767 762028
105966 702052
106114 847922
106140 431930
106384 828163
106820 27402
107065 183983
107451 305223
107454 689776
107875 731254
107922 257936
107923 7155
108188 961963
108257 562700
108284 445558
108424 140948
108807 619428
108926 142636
108955 706900
109149 286605
109448 573648
109732 498092
109766 279874
109967 54350
110103 405514
110207 130406
110504 459191
110610 61628
111206 384616
111479 194149
111650 621694
111786 937904
112026 693138
112418 569281
113060 750682
113346 394782
113373 832857
113732 919828
114129 362730
114131 407001
114391 51161
114427 877908
114819 830939
115070 215856
115783 717941
115796 701542
115810 264460
116049 985246
116475 242773
116483 19287
116566 860714
116702 930455
116805 323659
116876 519368
117008 787432
117115 830137
117224 285725
117333 30553
117430 339881
117498 510550
117538 273126
117661 325472
117735 660184
117742 120095
117745 923491
117759 818246
117927 684306
117994 708975
118068 834628
118188 937831
118240 609639
118278 507957
118474 304919
118618 328987
119043 554190
119117 594242
119303 823150
119537 356298
120214 135526
120282 547706
120568 276497
120674 611781
120857 540101
120942 344358
121013 345256
121040 850868
121075 531091
121471 81994
121931 731948
121990 297339
122513 758246
122649 352312
123232 767891
123331 14090
123549 251397
123556 165179
123719 425110
123834 313496
123836 358372
123999 412037
124351 953367
124411 294795
124756 823872
124780 859412
125091 661963
125181 209452
125541 621944
125672 416270
125950 250023
126013 171721
126142 146516
126283 153152
126323 943874
126593 337970
127123 722155
127180 667689
127200 4818
127332 187918
127684 597701
127716 173322
127883 19239
127958 378670
128029 604991
128035 197668
128243 120032
128722 812101
129027 774241
129059 326321
129254 921488
129263 977937
129294 281786
129462 755056
129517 609698
129628 408087
129727 734418
129956 656847
129974 632890
130022 1485
130474 772669
130688 509491
130869 397447
130959 580871
131027 626411
131232 892638
131539 26058
131551 59787
131566 766093
131568 790415
131783 290845
131817 345604
131857 639313
132262 526991
132331 602691
132511 588779
132634 925639
132636 323857
132664 363606
132793 285332
133029 795227
133638 419958
134055 68315
134080 183693
134383 387925
134428 956173
134484 974242
134612 699875
134858 786478
135106 944643
135190 637899
135416 672557
135759 722428
135806 537210
135913 234790
136146 391768
136195 339302
136562 727205
136906 467397
136997 77411
137128 836942
137324 129493
137620 211122
137626 990001
138207 172334
138296 287001
138442 766578
138686 890989
138693 109108
138807 794559
139155 964325
139853 269868
139878 876041
140070 12855
140090 134690
140257 190625
140454 133442
140495 553093
140560 863727
140662 279674
140777 124655
140834 617112
141192 330273
141339 797807
141471 85026
141608 879521
141717 701113
142073 705105
142203 814791
142611 26079
142934 163849
143124 459947
143134 381680
143213 169579
143323 224219
143396 439071
143398 847333
143528 162295
143539 257593
143780 687738
144002 712707
144132 763260
144324 367783
144676 289790
144880 107059
145207 288760
145545 572645
146093 146510
146275 790608
146361 704013
146802 149427
146809 509565
146842 761492
146884 171910
146888 908766
146900 506666
147210 477264
147267 888876
147316 808766
147535 356588
147571 778691
147685 425048
147779 229193
147794 996330
147832 509224
147840 168745
148631 972168
148989 822201
149042 258009
149121 150346
149216 235988
149531 7126
149680 172474
149801 684936
149882 757261
149934 241783
149958 240773
150060 198268
150131 489651
150256 529464
150856 102165
150901 290098
151401 92425
151403 997229
151527 902120
151650 475786
151774 34576
151966 469653
151980 868257
152060 611216
152090 246380
152213 731332
152772 251389
152820 849879
152994 598641
153181 161779
153445 743395
153625 404913
153719 652660
154297 267823
154394 814087
154506 529471
154547 910053
154715 340058
154732 592272
154740 147803
154753 447939
154833 169266
154957 599694
154990 956767
155024 287031
155030 595645
155152 282727
155197 559521
155290 271803
155350 509616
155522 838791
155715 55978
155731 574372
155787 10507
155804 237131
156165 619230
156231 264538
156425 914748
156458 970473
156629 24890
156673 562637
157079 83347
157090 514516
157473 455903
157798 555302
158367 210717
158445 825797
159043 128458
159132 18959
159362 282726
159631 873904
159766 405508
159898 392458
160173 251167
160196 34270
160362 131540
160598 559616
160661 599465
160868 837635
161060 600187
161079 604751
161984 293995
162214 968753
162281 15515
162296 273271
162321 516820
162346 16923
162355 939499
163486 127741
163797 643908
163899 210103
164251 902051
164314 266571
164621 303278
165116 508070
165191 655876
165478 345923
165792 719318
166055 987406
166063 61292
166411 682165
166776 13659
166863 876770
167339 761436
167355 928571
167367 898764
167460 844980
168175 295878
168323 794470
168512 717425
168639 772212
168850 990999
168906 26021
168908 907715
168946 879227
169482 912078
169669 4979
170305 196016
170387 827045
170453 701866
170756 643735
171016 519579
171095 425935
171118 870282
171225 168880
171282 677196
171446 390495
171475 686712
171767 92595
171883 698906
171907 358050
172174 48833
172387 224925
172484 302318
172737 939691
172759 492679
172773 138376
173121 861892
173364 496773
173419 292615
173438 413129
173734 304098
173857 734493
173862 838777
173956 697565
173978 418130
174048 170202
174211 869610
174291 982244
174299 118261
174681 932272
175138 65770
175381 49674
175437 539637
175983 151191
176393 3716
176574 279408
176622 230574
176642 434301
176702 300902
176796 329202
177084 11727
177368 963174
177894 439692
178336 59505
178387 493765
178483 734175
178871 959996
178996 105
179215 20635
179584 378503
180100 585918
180214 323163
180237 584095
180302 536346
181601 811502
181781 50718
181902 964003
182184 624422
182417 42060
182467 825644
182501 410278
182760 659906
182814 850622
182868 424665
182936 197134
182964 592698
183129 536167
183495 612571
183578 621248
183597 214450
183659 866781
184039 861835
184087 481386
184161 226553
184258 674253
184368 958749
184582 531332
184812 219487
185667 929544
185983 98304
186542 966916
186927 172410
187207 935443
187417 147223
187600 412763
187849 464108
188210 411620
188327 1874
188515 539124
188604 572571
188634 429981
188638 854041
188702 19195
189570 70257
189590 661221
189994 486097
190461 465484
190720 857195
190915 289516
190974 817698
190978 943359
191225 313752
191870 100814
192220 329300
192719 203232
192815 145240
192915 72495
193082 593505
193641 15076
194180 189605
194538 435747
194553 892296
194645 137794
194655 961132
195804 560702
196088 388471
196211 753696
196215 711086
196441 521391
196971 37609
197080 359505
197138 73871
197232 258775
197759 748526
197995 796506
198014 404617
198087 232156
198296 135138
198355 561901
198370 521742
198453 126135
198677 788633
198948 861394
198983 646754
199082 568077
199469 960822
199975 998080
200243 321796
200250 697803
200282 123008
200399 399206
200482 758109
201217 203844
201237 270624
201308 983154
201454 695954
201694 719721
201939 512004
202104 336744
202126 732065
202173 357252
202517 186140
202738 558726
203018 402563
203119 381623
203398 257996
203592 516730
204329 520118
204511 114911
204686 722266
204745 326410
204993 421359
205445 23310
205575 248573
205625 776167
205795 862278
206459 787230
206526 641706
206570 993193
206611 407321
206677 862712
206843 863293
207030 3086
207548 331650
207753 322797
207779 278593
207801 113746
207877 182479
208065 90271
208185 394491
208323 756032
208523 711203
208601 24483
209008 864650
209159 409438
209165 904475
209311 761130
209403 706937
209753 854536
209781 656805
210118 698384
210169 107486
210351 2109
210739 392855
210880 873658
210975 672232
211184 40234
211200 846928
211287 135666
211292 296842
211662 790184
211937 469060
212040 275260
212658 408529
213314 562917
213371 811792
213484 252709
213557 718395
213730 368109
213831 256012
214037 972313
214141 138127
214908 222177
214958 221572
215062 711878
215243 448784
215493 706966
215718 978489
216097 118061
216129 842557
216434 696282
216612 978876
216704 348709
216918 583426
217445 457054
217518 11944
218168 352652
218184 146939
218313 150532
218392 562023
218508 303648
218596 773957
218625 921161
218718 206247
218741 269007
219008 655828
219010 488006
219103 127425
219263 13068
219413 708108
219498 161074
219536 652132
220049 893866
220079 835437
220081 985891
220488 482395
220806 399556
220873 118856
220898 524835
220949 78523
221139 638965
221470 611757
222002 661038
222263 530566
222282 560038
222398 354490
223067 791337
223471 840381
223482 880471
223671 715928
223991 202148
224395 506058
224659 289419
224669 783838
224704 127050
225975 606016
226174 170415
226711 266396
227169 329078
227489 166463
227646 646447
227709 767486
227959 174880
228396 181322
228533 508504
228560 930827
228621 756739
228889 263529
229213 389471
229284 856604
229451 201653
229546 471166
229726 43464
230218 394360
230275 70213
230757 642529
230764 739022
230835 317445
230890 612863
231067 312538
231605 173510
231695 362970
231866 309660
232188 80301
232430 616073
232573 514758
232671 514759
232722 167
233003 658716
233149 461853
233444 193379
233603 348377
234168 578827
234440 520132
234676 701184
234909 596693
235301 333701
235666 771206
235951 729245
236139 691841
236150 662776
236320 267946
236365 555004
236488 426133
236611 248117
236694 948167
237043 991270
237418 814641
237606 104152
237718 422767
237894 232224
237912 860882
238014 828118
238719 232289
239199 301801
239241 65264
239551 69162
239772 503148
240356 624572
240564 192852
240734 108357
241000 488140
241489 962625
241710 542777
241911 102989
241916 165724
242062 779709
242071 706488
242337 334013
242351 563641
242472 126619
242516 273767
242578 4856
242921 549922
242942 57419
243422 511088
243430 786522
243433 95445
243524 521569
243544 223154
243825 416436
244725 901246
245457 566803
245485 149907
245646 741646
246490 891838
246544 245213
246581 283876
246652 588935
247134 884533
248189 689259
248431 854744
248606 280382
248855 47667
249110 635323
249446 855593
249892 872915
249907 974394
250009 466948
250236 55400
250378 797960
250568 299937
250706 557359
251338 401704
251438 969816
251475 366578
251990 358068
252190 545519
252338 881291
252402 786887
252658 603506
252837 232854
252872 520112
253006 746033
253165 350063
253255 52979
253757 59468
253829 414209
253856 245907
253976 618286
254233 26856
254980 251618
255046 897333
255307 534081
255402 466088
255487 513535
255584 33436
255645 812486
255867 405511
256212 460950
256322 606622
256397 63346
256515 22925
256621 592341
256751 210119
256765 854709
257107 728147
257517 103504
257864 629611
257888 469503
258035 267806
258074 802033
258130 664742
258235 234117
258728 16037
258999 205454
259807 779093
259913 358951
260209 978208
260354 172973
260406 306558
260640 676092
261078 128701
261259 802139
261417 373977
262313 497974
262390 93217
262463 981913
262578 870822
262615 193160
262653 82415
263050 681538
263149 167269
263154 111705
263171 338754
263586 443464
263743 193013
263825 845607
264140 166291
264192 145214
264673 688413
264757 920478
264807 395025
265016 435359
265173 275603
265224 840517
265365 947456
265526 489274
265754 608983
265770 313926
265966 17333
266296 16921
266546 183608
266905 75972
267063 32878
267097 291261
267160 194287
267284 77230
267384 429968
267903 449278
268116 715385
268380 278442
268458 325961
268529 283122
268597 691370
268604 663248
268659 569301
268849 308710
268865 272593
269440 987691
270167 594051
270493 293443
270514 959651
270540 387024
270812 885130
270865 614571
270930 602392
271307 966635
271674 950713
271793 174688
271797 574115
272221 726001
272293 893603
272524 889645
272580 488711
272890 887487
272968 380139
273387 250863
273416 329340
273502 489404
273534 593325
273658 297627
273872 156737
273883 614742
273898 553361
274174 220710
274278 956565
274366 183855
274625 349596
274750 160618
274766 924010
275458 1950
275641 898994
275653 796622
275741 461873
275996 258355
277224 472433
277476 957928
277897 257634
277922 529511
278017 477154
278239 101844
279600 621443
279994 379834
280091 903226
280095 134592
280213 121907
280286 155719
280442 86183
280508 134516
280719 680869
280874 798439
280877 153431
280899 277753
281160 100426
281375 83364
282034 767170
282074 152805
282098 698021
282137 960523
282176 97591
282182 864316
282209 559042
282288 727136
282325 716208
282350 376880
282754 547430
283166 557327
283202 513713
283455 964894
283561 583130
283969 857890
284354 425083
284811 652443
285061 887913
285157 69863
285337 343411
285728 799161
286197 896274
286627 106180
287117 106365
287696 532356
287732 857476
287890 811101
287916 392301
287962 927922
287973 762776
288117 480245
288285 84676
288452 639961
288658 225302
288756 803159
288779 420986
288783 471193
288965 512458
289050 731602
289085 103947
289156 799947
289535 716628
290384 345548
290398 628806
290975 522570
291106 926803
291497 833766
292107 489622
292169 481822
292183 654241
292471 786276
292710 920082
292874 500386
293351 357813
293560 261889
293619 827677
293858 338
293861 424192
294274 746407
294740 982932
294947 417519
295199 297346
295307 413711
295566 601318
295692 656330
295814 812704
296060 675441
296181 689200
296468 411048
296543 279756
296642 273544
296830 791039
297020 391254
297212 980719
297717 862815
297745 718158
297863 330533
297933 417741
298064 191173
298134 726789
298927 994722
298967 2025
298971 211141
299041 43352
299157 879858
299689 878813
299705 175472
299712 943825
299792 602192
299987 144622
300326 986312
300380 350525
300424 394141
301009 714392
301496 555440
301547 108310
301588 736012
302141 947161
302491 540960
302575 158305
302617 574429
302758 426078
302936 992449
303222 495563
303397 674449
303555 698707
303606 518011
303748 279546
303766 116695
304208 408770
304547 89191
304797 772345
304822 267415
304879 551074
304880 299935
304903 311435
305000 97768
305512 750641
306025 487017
307295 830734
307529 666674
307591 278247
307601 185188
307643 784366
307721 665784
308112 701631
308164 460302
308255 608803
308343 69801
308590 861629
308797 373281
308905 211167
309137 211835
309223 344791
309226 563386
309280 67139
309454 492139
309628 338250
309658 921439
310096 935412
310108 714867
310220 231364
310761 664768
311006 628502
311078 684545
311127 733097
311167 462612
311378 48892
311466 34218
311728 46061
311887 911961
312003 118275
312118 394597
312569 888539
313792 439335
314012 245416
314056 853300
314060 360028
314183 565666
314237 203052
314261 411279
314313 946511
314391 738420
314566 894287
314589 421058
314599 441445
314718 877425
315137 141382
315210 736541
315282 771402
315419 872296
315716 112476
315809 237295
316243 478355
316469 302507
316614 180121
316682 877903
317044 499857
317186 810106
317191 83918
317227 371349
317576 456035
318066 503689
318545 829516
318585 894245
318663 665254
318917 771087
319473 79497
319547 714421
319620 543969
319861 629232
319981 106527
320090 113517
320206 388780
320380 277815
320515 135247
320703 542645
320737 91344
321279 844109
321481 598117
321749 615179
321786 521529
322141 737087
322178 911171
322202 837185
322306 550844
322369 843213
322407 794781
322837 977864
323049 39729
323108 51304
323188 954456
323877 648980
323964 120864
324230 648375
324962 774682
325041 442472
325470 208476
325964 580951
326521 916138
326905 280116
327266 471160
327759 103544
328104 726967
328443 370405
328548 14411
328644 168999
328833 132100
329420 166181
329571 386617
329891 141231
329957 644716
330245 234482
330349 276181
330717 401492
330771 986047
331070 824284
331714 969265
332588 316866
332997 849922
333074 996136
333259 440340
333424 892520
333631 396557
333714 778940
333847 69126
333893 557096
334242 920525
334271 797495
334575 326787
334602 387173
335604 31066
335734 817680
336222 165534
336239 138279
336326 313232
336485 208687
336523 658763
336821 216372
336895 305155
336938 152590
336979 750086
337162 779144
337304 244052
337315 535153
338067 470049
338636 678582
338692 663592
338953 833300
339017 878594
339215 721356
339410 936781
339492 917050
339647 156624
340363 236277
340493 73135
340514 294673
340615 413422
340804 573021
340905 228748
341097 189827
341112 160192
341113 535433
341315 76405
341421 92826
341521 146264
341635 559455
341730 159701
341950 559043
342116 589429
342450 501733
342565 9313
342583 383833
343170 727608
343330 838740
343584 494401
343812 729171
343867 900316
344041 216085
344082 691686
344222 689085
344252 468509
344267 879268
344295 845087
344603 640140
344692 849818
344797 784146
344890 492454
345313 487347
345365 837705
345369 405060
345682 532200
345703 69934
345909 203799
346237 862972
346425 151145
346507 871152
346519 603165
346984 873828
347002 125045
347027 418600
347102 611591
347502 898619
347508 321514
347622 674611
348033 477953
348460 111912
348597 460599
349349 590780
350093 370783
350125 492602
350302 59397
350472 443450
350823 220987
350930 988444
351039 636226
351414 305089
351671 595612
352069 268697
352161 717658
352165 812223
352215 666339
352352 38140
352354 444257
352383 134811
352439 271401
353191 558795
353482 941271
353531 53999
353620 304332
353796 773294
354542 292752
354666 940409
354897 244821
354916 109121
354986 422644
355262 420521
355535 877367
355830 711129
355845 208442
356422 822001
356528 326948
356577 248771
356594 173635
356628 955979
357060 625205
357105 611818
357163 468305
357392 657719
357573 624305
357649 504406
357661 87876
357757 895987
358087 41014
358357 866019
358576 710255
358896 296644
359020 121277
359545 96367
359757 753835
359788 709794
359989 975998
360315 766855
360553 452781
360945 417165
360946 160112
361668 109344
362502 542646
362621 939601
362762 334325
362776 872857
363057 713669
363075 790906
364214 108055
364533 541895
364871 703279
364885 942060
365005 435780
365209 775263
365288 826332
365329 578976
365401 663388
365706 929947
366517 279579
366779 783314
366804 485729
366942 280357
367036 297710
367351 531841
367767 301645
368079 200373
368244 613406
369133 118578
369228 995487
369271 936040
369848 436531
369882 96004
369979 422117
370006 174816
370340 963983
370384 863706
370686 739799
370853 724732
370862 631739
370900 961651
371056 255280
371096 269170
371108 70622
371170 970727
371390 154867
371602 443193
371891 95092
372089 270010
372139 67063
372597 149528
372804 569452
373079 173671
373137 715657
373179 721745
373498 141224
373679 274488
373828 93914
373915 612985
374042 653038
374149 511982
374206 351882
374295 839543
374328 207060
374460 920738
374551 88914
374659 95857
374921 38636
375542 679609
375787 22264
375878 201936
376113 297363
376587 198297
376941 668916
376955 572908
376964 886073
377050 594621
377068 173248
377414 927759
377838 428391
377865 623442
377994 727284
378201 581229
378243 747219
378319 478162
378502 263715
378944 876750
379493 846487
380129 901315
380143 831206
380362 705624
380384 17845
380486 731765
380494 174194
380622 504685
381038 149036
381059 620358
381268 750617
381285 560922
381300 253792
381402 719125
382133 658039
382199 844145
382287 73124
383190 546947
383195 313413
383299 695173
383509 723026
383874 334493
384298 497932
384444 876002
384787 574434
384852 239137
384887 270347
385514 573912
385694 643052
386574 597670
386614 293383
386618 139288
387132 79444
387442 916581
387516 937008
387902 46946
389009 83946
389036 906640
389465 822042
389591 965902
389790 875320
389869 357993
389960 744033
389966 661466
390099 223289
390105 737571
390420 82088
390490 659398
390540 661588
390844 400699
391268 356315
391392 913899
391531 514840
391722 818131
391797 845122
391877 802950
391917 323055
391918 922170
392409 538168
392562 925617
392628 762147
392733 632457
392919 160582
393101 391850
393292 256083
393460 844597
393507 938096
393551 879669
393691 711746
393861 430155
394635 397333
394975 370063
394982 902373
395073 419590
395203 789012
395252 746371
395310 514959
395496 207858
395661 451750
395816 460000
395910 7030
396038 313920
396253 802432
396311 900200
396490 178654
396542 300595
396563 541437
396578 392808
396638 536578
396816 888113
397127 277836
397245 722306
398063 499358
398137 155917
398252 748585
398579 580049
398835 921452
399142 380324
399326 580245
399457 783197
399658 138842
399848 96836
400045 579135
400189 976837
400352 728669
400533 290141
400563 159458
400742 748066
400918 776100
401074 958168
401731 651046
401735 235052
401785 499639
402210 551907
402526 109966
402545 266575
402616 324943
402684 736685
402768 833434
402961 210592
403353 221660
403563 77454
403581 821817
403618 318407
403663 227831
403900 484874
403918 438994
403935 689518
404222 781962
404324 73053
404638 810912
404645 268608
405721 111027
405729 666054
406020 458853
406591 62491
406906 441887
406929 813589
407035 138680
407704 555897
408161 390319
408390 677185
408433 798009
408818 747670
408839 238526
409143 94556
409280 395671
409503 397980
410653 606807
410876 497764
411136 583174
411561 726469
412021 854051
412536 49721
412655 622972
413140 752665
413148 882647
414129 69538
414150 589185
414365 18128
414408 70912
414483 424616
414566 456274
414621 324293
414641 995369
414681 683568
414983 172168
415143 681095
415269 532874
415998 64848
416315 197701
416565 800011
416646 733703
416655 9454
416668 70734
416677 825706
417205 889711
417299 346868
417437 223244
417723 115143
417825 438965
418233 852142
418341 263639
418930 114848
418933 336124
419148 43672
419581 842695
419749 742766
419962 951709
420042 523651
420094 921591
420317 479343
420598 935530
420688 838686
420750 111370
421158 98436
421583 632377
421829 169936
421950 872656
421961 272976
422022 933138
422062 804547
422140 112491
422439 436773
422589 607744
422848 852707
422864 158877
422887 802614
422976 567513
423358 497928
423872 607519
424093 95440
424525 96505
424570 31477
424647 221206
424850 321686
425014 606352
425015 387762
425269 846459
425295 811655
425317 226277
425339 451744
425404 415239
425835 386873
425874 602146
426084 503894
426230 630171
426236 23885
426289 862410
426726 632731
426993 582165
427021 870338
427087 501998
427222 289398
427229 591309
428208 679665
428788 11001
428813 33278
429063 259355
429139 135913
429995 667039
430055 524871
430661 671928
431067 701664
431366 494996
431401 184624
431863 822940
432060 207472
432163 793555
432457 342781
432503 195157
432903 705133
433327 862298
433395 920079
433928 951333
434153 900462
434201 190299
434234 65947
434410 509747
434470 168467
434782 324144
435040 234086
435172 987920
435181 75736
435280 936117
435495 903502
435515 611456
435619 667018
435715 43842
435965 672540
436117 577929
436217 978695
436290 309845
436492 815061
436531 507417
436700 780804
436942 108146
437034 696221
437205 884438
437524 925298
437607 899939
437684 77118
438660 238189
438954 811596
439061 119324
439546 563609
439724 635616
439760 168960
439869 790931
440061 366053
440508 907308
440600 653758
440613 108843
440733 780448
440915 310761
441357 957245
441812 678867
441850 445457
442025 568193
442317 967867
442706 420961
442823 684149
442914 970598
442936 705466
443069 487402
443224 859519
443586 278196
443614 275169
443716 323492
444530 439222
444717 440700
444787 830997
444979 148874
445071 134659
445188 2067
445527 60608
445822 916931
446197 896391
446310 774865
446425 123695
446616 270833
446988 305183
447595 992059
447805 190859
448213 730467
448528 731115
448545 803998
448622 530099
448710 842841
448918 942838
449182 213300
449513 154657
449621 213668
451144 444944
451449 471353
451593 669975
451626 973806
451831 600274
452079 442634
452083 89409
452196 379451
452298 589375
452357 858885
452543 874982
452886 668117
452919 222671
452984 825735
453048 829771
453127 393698
453388 134647
453473 575863
453490 722253
453676 970537
453781 454379
454007 854927
454152 760261
454914 248762
455025 482882
455035 821718
455580 113183
455645 342521
456091 882711
456303 732874
456364 213526
456375 947494
456424 924402
456465 43233
456746 244296
456760 116075
456892 543295
457041 570083
457468 760799
457472 591628
457973 555712
458197 801546
458245 580032
458391 686887
458438 364855
458534 245331
458882 765910
458947 137293
459319 659683
459573 626369
460297 133747
460365 398849
460666 609713
460727 114285
461006 911033
461138 806044
461695 21855
461707 488510
461741 20865
461762 535016
461796 251906
461799 762650
462965 576926
463282 779667
463386 257060
463941 985012
464371 606017
464657 380476
464742 373221
464849 622045
465022 175532
465092 265597
465774 977965
465868 404892
465932 242543
465960 845101
466004 533161
466011 584445
466821 971799
467121 885659
467243 373990
467422 696829
467506 692303
467552 888058
467610 341045
467671 394182
467689 51091
468321 89337
468598 640447
469235 487683
469634 310030
469862 203699
470240 762542
470580 845809
470590 987913
470659 811656
470680 786187
470845 604858
470859 376743
471165 935457
471343 127593
471430 36636
471487 641572
471974 437637
472011 515769
472043 921124
472342 430822
472503 662331
472588 311090
472590 399850
472871 36949
472965 83152
473025 492974
473231 716143
473293 60338
473307 361933
473953 836432
474484 952755
474514 104306
474768 939904
474799 957243
475287 364298
475317 94603
475773 55554
476112 800012
476135 566078
476214 390967
476312 241979
476383 330935
476726 870044
476757 761887
476789 690423
476983 282255
477118 160372
477146 824486
477177 472717
477359 964274
477690 766870
477989 108547
478487 685053
478491 391365
478529 118830
478741 609866
479235 346556
479964 336374
480065 245750
480181 346159
480286 65938
480371 118354
480378 527942
481058 70515
481242 417982
482447 74082
482724 815260
482938 38205
482950 325498
482979 391912
483535 734119
483698 29407
483703 925387
484174 700940
484330 647945
485088 439980
485453 461485
485501 746508
485519 839580
486073 567995
486196 666488
486246 246548
486270 673142
486565 89568
486587 505748
486823 595006
487049 501417
487116 131071
487264 746181
487708 883466
487852 643101
488232 856416
488418 520938
488466 225324
488669 979654
488688 517314
488720 866062
488901 250620
488947 834180
489021 717144
489036 576618
489095 47916
489640 365532
490204 307609
490558 655896
491200 953422
491236 258788
491443 139805
491589 379926
492093 716883
492136 982625
492168 312478
492182 722628
492327 957752
492442 525809
492769 864368
492820 256046
492822 304315
493006 440913
493515 70717
493528 357165
493785 751094
494295 587746
494389 789816
494856 593284
495066 665801
495079 819698
495365 654835
495531 365394
495719 416086
495836 741657
496025 743051
496126 679812
496537 987451
496945 953030
497430 521329
497674 916170
498053 521275
498307 355052
498323 527794
498378 77570
498838 203765
499051 873785
499268 469922
499337 832519
499693 118359
499769 558124
500270 815719
500271 105460
500336 914678
501162 665790
501223 150067
501383 367779
501520 607709
501909 846126
501974 438786
502022 694773
502063 664797
502075 222865
502200 389501
502342 126156
502645 740481
502658 719088
503116 216343
503189 331751
503288 830829
503332 469382
503460 213508
503505 492959
504057 64013
504194 118030
504360 136420
504369 51752
504426 609889
504568 986282
504645 7256
504678 65072
504718 958229
505084 597178
505202 279149
505512 649826
505750 791667
505761 565426
506126 340141
506315 172296
506434 273660
507114 462994
507127 436915
507438 113405
507449 355760
507478 107675
507493 658357
507824 248694
508153 435285
508189 422743
508958 65975
508964 60967
509112 993868
509149 42128
509689 33741
509895 681607
509971 869297
510157 366519
510796 730284
510880 484200
510939 988201
511351 325777
511855 599555
511961 988639
512140 420931
512159 543520
512381 839898
512741 104134
513094 640442
513906 915873
514236 293806
514384 310256
514432 396271
514777 866128
514823 120723
514847 586583
515028 941486
515075 750549
515132 921728
515232 285651
515384 659482
515714 322198
515724 316089
515913 938642
516009 993926
516523 24675
516718 250364
517273 382474
517654 218408
517727 447707
517780 701056
518119 721266
518366 369671
518473 882299
518493 332949
518781 778734
518945 404309
519067 507095
519272 50471
519664 193058
519810 97824
519856 128642
520004 459041
520139 24568
520550 768159
520679 419979
520733 516637
520946 847734
521107 181479
521169 620360
521354 902939
522007 958976
522269 562687
522616 322502
522677 991098
522885 256904
522895 418206
522950 260137
523040 521805
523385 325204
523602 819946
523835 326514
524007 870586
524130 425903
524169 576542
524532 27145
524566 803551
524603 265310
524715 502747
524931 553529
525058 580856
525276 953680
525359 502083
525433 495595
525949 145657
525965 288104
526058 424852
526207 451676
526707 261036
526708 858617
527248 777183
527291 477101
527339 135388
527567 890173
527682 491620
527706 605695
527752 614206
528061 301690
528211 5100
528230 128258
528294 253526
528296 515165
528356 938871
528406 317403
528451 252474
529080 473244
529827 420530
529892 549852
529912 211215
530076 863562
530447 508182
530852 814843
531167 455113
531183 887666
531352 204524
531433 119720
531672 347947
531773 995063
531952 493315
531963 696492
531975 983445
532121 473179
532302 1113
532331 800505
532606 233219
532670 689831
533348 74510
533446 699745
533639 341174
533789 713266
534094 2347
534165 26980
534740 920008
534768 202626
534865 870556
535129 717333
535472 407667
535734 687327
535853 726056
535917 32119
536686 999165
537029 80264
537191 749381
537444 968295
537551 343248
538138 756116
538189 27271
538401 564647
538819 683158
538911 644361
539048 511873
539052 543395
539084 687189
539134 515602
539250 205519
539280 840129
539752 524994
539805 359232
540167 414633
540331 922283
540403 404918
540530 68841
540757 141612
540780 871578
541253 848776
541321 23140
541913 38506
542002 531784
542056 455654
542232 467985
542265 547360
542374 399621
542622 383738
543504 784969
543586 65758
543684 58194
543794 608243
544308 828596
545374 711764
545602 776237
545876 119296
546133 851190
546569 531894
546575 265626
546631 509802
546957 5406
546984 836141
547612 137457
547621 433322
547834 100991
548077 509625
548114 292408
548169 912350
548336 322306
548700 978138
548951 993398
549251 246274
549755 323252
550235 438400
550259 207234
550667 113206
550777 593234
550919 465765
550946 828798
551376 320492
551491 387910
551881 929598
552058 313337
552282 805805
552382 133008
552493 317676
552499 948822
552569 947059
552616 212768
553607 306007
553660 414112
553841 222427
554049 711667
554052 498492
554256 912265
554440 781442
555248 940454
555757 16397
555844 130260
555978 717730
556156 332117
556524 362833
556571 628832
556816 810707
556982 324189
557124 671088
557217 657047
557396 970057
557541 14572
557707 760200
557945 501583
558039 222582
558158 278416
558222 501061
558290 173765
558446 736949
558587 13519
558683 761619
558774 849073
558976 895610
558991 689627
559023 562336
559409 98744
559442 414805
559733 625621
559768 948729
559823 565770
560041 667495
560228 942111
560340 940474
560409 112938
560517 42880
561229 609208
561365 249872
561399 313390
561594 81831
561921 351724
562055 75656
562242 517454
562317 308232
562490 720489
562710 331569
562964 623368
563088 323100
563273 814130
563436 899647
563491 469311
563624 235254
563647 554126
563895 166767
563938 334779
564330 930343
564528 818176
565110 599484
565112 963602
565422 211428
565967 110190
565996 942399
566048 251822
566705 357219
567003 691850
567113 910821
567423 53786
567532 676775
567813 18746
568226 112615
568438 642089
568622 324167
568641 438420
568985 866911
569001 911748
569017 377431
569121 691404
569122 34774
569287 113110
569333 748080
569358 404506
569461 153034
569567 352645
569645 213407
569879 69405
570034 65295
570509 300691
570530 728651
570784 993332
571025 612841
571121 870468
571390 375774
571404 771964
571416 807510
571522 872437
571732 288957
571859 827510
572723 750572
572781 641476
573338 667894
573587 925290
573619 442534
573668 623711
573746 844559
573763 735647
573807 323607
573827 837543
573930 316233
574165 943567
574443 560269
574573 676906
574721 611400
574778 691278
575054 224658
575056 443105
575093 949467
575158 154926
575191 787587
575273 278236
575309 719120
575724 744580
576050 887774
576481 157032
576517 815758
576679 348909
576753 682082
576927 564673
577013 343632
577693 635985
577786 427824
578036 78031
578236 733804
578454 925425
578876 30807
579091 650909
579174 480403
579176 530717
579384 975816
579451 755922
579453 411096
580018 136953
580055 134383
580357 64701
580587 275831
580611 885392
580672 493586
580856 945118
581224 577475
581294 857592
581349 954953
581423 888414
581793 891120
581925 644861
582077 319655
582152 332896
582727 724649
582944 814093
583269 794862
583551 673072
583851 787322
583959 313331
584200 692831
584449 508142
584687 982357
584888 407065
584889 83098
585786 878406
585905 155918
586087 735554
586607 981162
586719 694580
586918 696041
587060 2480
587573 864575
587645 63200
587965 749299
588282 603553
588404 143678
588591 413662
588631 136334
588809 14629
588901 221731
588980 449371
589150 646285
589181 900635
589401 607099
589478 229382
590045 947149
590049 707915
590349 467263
590376 925158
590380 803248
590819 265874
590826 8951
591485 531801
591658 267295
591811 689414
591920 900837
591946 906730
591989 21119
592049 201350
592163 57382
592188 610140
592291 131966
592298 269168
592510 589415
592624 91056
592657 286904
592766 703301
593057 412883
593202 278181
593344 720518
593425 102030
593698 147194
593785 559602
594152 398968
594434 14996
594700 470816
594823 581547
595101 485799
595131 29996
595177 94012
595210 397887
595557 132503
596389 850801
596487 9504
596501 466535
596542 451841
596564 657999
596908 744309
597105 17409
597127 768804
597200 521175
597407 118691
597458 126770
598173 419536
598383 300694
598428 250495
598484 71111
598632 883049
598800 172573
598824 103276
599037 742969
599206 741584
599375 597996
599685 122293
599896 291395
600038 425304
600458 785164
600598 626996
600680 557313
600823 397167
601088 240724
601304 659186
601316 936111
601374 914166
601437 588165
601639 133771
601756 324215
601862 203091
602049 613856
602122 586903
602276 952660
602430 75857
602721 335616
602821 622032
602845 751904
603319 559669
603321 503377
603468 638105
603906 349810
603919 771810
604384 72898
604794 387357
604894 56807
605106 556053
605198 402143
605309 302567
605422 566051
605636 741882
605824 153216
606045 103447
606112 36525
606168 3036
606291 113401
606827 416757
607355 347626
607540 632733
607553 986004
608107 904392
608638 277941
608895 770874
609417 515439
609426 722293
609515 831589
609762 112539
609999 201015
610518 612625
610631 850314
610964 185140
610985 513192
611385 346966
611773 941701
611832 64353
611997 78921
612185 892187
612503 324891
612570 991059
612640 59939
612681 209236
612745 622414
612842 389908
612933 885393
613149 619111
613180 820055
613256 583124
613301 887277
613371 763016
613452 93142
613555 891136
613832 65409
613843 741679
613884 113130
614217 461236
614580 784544
614598 60002
614634 351901
614648 375144
614671 307509
615060 555682
615109 265755
615256 162513
615349 719096
616419 612126
616537 952342
616647 928690
616690 697508
617055 898670
617304 925268
617615 439076
617903 719223
618016 542585
618162 84960
618403 37265
618873 296631
619235 822102
619451 306432
619524 167268
619539 718620
619571 852301
619836 492081
619917 909914
620051 926051
620178 521089
620225 156462
620355 112164
620404 198930
620716 761757
620840 389009
621587 823987
621838 198456
622610 385775
622954 133083
622984 965870
623180 553557
623213 265966
623366 886535
623510 331024
623850 524254
623893 63691
624035 385423
624529 498327
624787 321478
624801 371869
624870 443470
624911 60373
624950 796908
624964 436030
625122 262006
625366 227247
625569 78812
626408 300298
626617 595155
626958 735383
626979 979092
627012 832351
627274 559028
627296 696541
627432 463277
627446 120001
627791 387658
627893 282697
627942 953198
628215 600173
628275 496603
628459 155194
628483 741163
628889 192658
629002 620357
629325 334277
629494 745237
629615 230736
629810 727575
629834 6104
630212 947051
630693 765783
630773 523937
630774 227231
631093 79810
631178 201351
631249 885668
631374 54631
631480 474477
631632 338188
631875 246503
632249 654363
632328 438076
632359 96846
633453 40707
633543 596221
633558 733874
633835 319528
634032 460838
634221 496045
634300 668921
634731 195984
634993 366063
635340 742851
635585 331769
635928 466688
636130 250985
636337 359511
636764 961974
636844 605816
636893 238950
636912 508181
637094 530695
637294 291815
637297 595433
637402 182211
637421 98108
637595 100662
637611 454666
637662 968866
637665 478086
638225 217026
638316 971606
638376 719731
638498 279709
638631 603362
638671 117945
638702 691583
638766 992819
638961 154143
639194 403415
639618 487
640007 404524
640519 243774
640545 254044
640753 816911
641049 863434
641818 676201
641992 307601
642003 686692
642153 391395
642210 944230
642366 909743
642846 734638
642914 17590
642922 930611
643225 426303
643732 572277
644439 539242
644852 605443
645239 191433
645334 529059
645799 641735
645841 156306
645884 430337
646403 175417
646405 846684
646516 363138
646682 384203
646890 547133
647249 86931
647358 10179
647550 714888
647831 941400
648383 666446
648517 884873
648906 319981
648967 330645
649182 264235
649211 632568
649255 882107
650370 445729
651279 374437
651496 270571
651522 801082
652159 974471
652809 709932
652905 995641
652907 278348
652946 453936
653003 474539
653186 741420
653302 533640
653990 335701
654027 814388
654058 804114
654344 528381
654711 590916
655110 162000
655131 952394
655765 876523
656177 464155
656370 631011
656932 679560
657180 851146
657316 39970
657367 856699
657433 646653
657614 664202
657741 418279
657835 186749
658151 655765
658161 395667
658284 564393
658855 36490
658858 839425
658953 147091
659080 141900
659569 587876
659576 662709
659637 321126
659705 514230
660007 448595
660805 746312
661536 503058
661686 672941
661764 663495
661852 353460
661864 41281
662540 270132
662765 929907
662885 135755
662905 857885
662967 850944
663489 855475
663496 389796
663589 428560
663646 217649
663671 935488
663711 539873
663968 535407
664107 378003
664461 56445
664634 466244
664852 214614
664854 840164
664892 545861
664916 630713
665069 518176
665129 884877
665246 75427
665443 269470
665770 813286
665981 779324
666113 891001
666202 179703
666248 874101
666354 547482
666407 616281
667381 426564
667754 566017
667811 329679
667895 413404
667979 62243
668206 247716
668498 791987
668785 736311
668893 47640
668977 515468
669039 491890
669227 124886
669565 183078
669629 281726
669788 629317
669833 163062
669880 139011
670266 879196
670395 7009
670438 707431
670465 91655
671731 947628
671734 64758
672145 502443
672351 838660
672481 497219
672492 259894
672909 859380
672978 687043
673288 584400
673563 788629
673926 89572
674325 238514
674419 399247
674654 723932
674662 912071
674900 700113
675260 295692
675318 599633
675386 614069
675412 132631
675660 975769
675715 57033
675844 455952
676092 809090
676327 118079
676402 219742
676733 918256
677148 549201
677382 194857
677552 264239
677859 933646
677985 485471
678247 483119
678521 355155
678665 796076
678845 551697
679091 61710
679505 968538
679621 808821
679748 446338
679778 819958
679804 775055
680234 712040
680680 895616
680863 96631
681223 148380
681420 540390
681423 300212
681603 627908
681814 484849
682052 315108
682210 247979
682240 426561
682275 622875
682306 960362
682333 91219
682462 170708
682515 589796
682566 281638
682570 288722
682674 799059
682683 341416
682735 968202
683353 181742
683416 906525
683611 743810
683715 991433
683913 252253
684029 91326
684150 751325
684202 72895
684607 898962
684763 797544
685076 800575
685193 573543
685279 43763
685407 642561
685461 983922
686000 183137
686283 788027
686444 293886
686808 274686
687096 237706
687195 147744
687419 746075
687512 180339
687838 553325
687903 44009
688232 259503
688797 369277
689525 124420
689635 60879
689707 795202
689808 331223
689986 709941
691073 666389
691193 729179
691343 400144
691370 26587
691428 406337
691644 890586
691664 2192
691934 407024
692329 374134
692536 459736
692923 2828
692958 606403
693179 384891
693240 466246
693497 472196
693794 959274
693927 18475
693957 312527
694547 26936
694791 449341
695074 940085
695431 827653
695602 541733
695625 67081
695661 137909
695841 507459
696006 926707
696170 38197
696568 201965
696640 635705
696810 143633
696881 731487
697000 758545
697050 128851
697250 550245
697323 289961
697501 239855
697547 921856
697690 507513
697912 353988
697968 762328
697990 559843
698485 11214
698576 954115
699161 214540
699240 318700
699279 681896
699443 895027
699543 531258
699747 330675
699998 541108
700610 323953
700642 159556
701114 361756
701321 74443
701363 660943
701543 59559
701619 311620
701773 435454
701815 857854
702158 215509
702181 206504
702311 586533
702486 916981
702501 771290
702711 974888
702879 707009
702976 698174
702987 784012
703204 733841
703799 53990
703847 139302
705167 809180
705435 87533
705441 453534
705721 478447
705857 699354
705987 396009
706089 531133
706789 425840
706939 745432
707006 449469
707369 989674
707433 673177
707546 666962
708072 121435
708176 403066
708260 685981
708297 131398
708433 219669
708457 554900
708579 65463
708777 957439
708832 264694
709347 843067
709423 404496
709513 261639
709653 644281
709674 190775
709726 204076
709767 726787
709802 709827
710431 183830
710958 652921
711133 810924
711496 142567
711500 71463
711900 433419
712154 623454
712631 719072
712684 369702
712844 830911
712883 209387
713005 872054
713415 601208
713736 4646
714197 290203
714241 762128
714303 505947
714488 714505
714739 216324
715101 26947
715165 937446
715235 337224
715241 84494
715397 665472
715441 812399
715488 394334
715830 644321
715851 32121
716030 843110
716164 356532
716319 489961
716675 126301
716813 473756
717282 269701
717377 32334
718493 386404
718571 353884
718813 697197
718926 702084
718971 561665
719380 730947
719517 159927
719763 934781
719795 578865
719867 85231
719902 516488
719994 397368
720033 388004
720338 47922
720386 125337
720915 555968
720979 103035
721101 98925
721131 974972
721147 577937
721224 666684
721295 343208
721303 862214
721368 645438
721743 457408
721982 738931
722731 973109
722777 129618
723017 933841
723033 556776
723184 403263
723237 794236
723305 310132
723352 249304
723428 895324
723649 131681
723678 219611
723764 836568
724680 689818
724691 263080
724934 675592
725908 485754
726060 540848
726306 632766
726412 393537
726637 876712
726794 857560
726828 428208
726864 839323
726868 658363
726879 330354
726888 93163
726975 603756
726986 6618
727166 978030
727517 180377
727693 973866
727878 977459
727960 40186
728348 976208
728404 145990
728427 223176
728527 383602
728578 921837
728844 417800
729197 65580
729250 212998
729372 481066
729754 89786
730409 768831
730479 46971
730711 858663
730899 357029
731073 882923
731105 968252
731113 217472
731209 633177
731320 755235
731475 950150
731674 126500
731699 953818
731888 634802
731992 678575
732041 772946
732499 473878
732751 391445
733471 543705
733620 81214
733686 351357
733838 826661
734133 239290
734141 479535
734270 381363
734898 957366
735052 776985
735108 269593
735264 292290
735323 124271
735449 110430
735477 584696
735984 199777
736743 549559
737057 495990
737066 162458
737078 214913
737139 656033
737399 155723
737511 465375
737828 982113
737972 94061
738692 991999
738717 543696
738858 829926
738941 809177
739086 759440
739324 198110
739560 5494
739617 442712
739955 232483
740861 815172
740950 563647
741027 180214
741129 934524
741267 703250
741474 727649
741556 882931
741839 882440
741910 8224
741973 753712
742230 617734
742354 129158
742369 282845
742698 12228
742740 141741
742895 519608
743637 5736
743798 72774
744510 571514
744803 531959
744942 251382
745017 70500
745180 284657
745675 986496
745775 207988
746428 624690
746800 638869
746837 134222
746924 124107
746987 642372
747070 21210
747289 208478
747400 124574
747449 878887
747555 448544
748106 338134
748138 700450
748168 71284
748181 525287
748227 240868
748815 621869
748977 286001
749062 992927
749532 521108
750277 268464
750402 766926
750428 345083
750683 715607
750846 728944
751104 167542
751247 453311
751494 449252
751824 434380
751867 540480
752620 526898
752652 64517
752978 791477
753444 808716
753686 549429
753974 33940
754129 744539
754188 62631
754247 720770
754261 3697
754382 144801
754385 805670
754549 481521
754613 269788
755244 69251
755389 900450
755467 393126
756579 825919
756806 616780
757011 205039
757089 271291
757109 695198
757456 644159
757606 995069
757656 977617
757823 93340
757987 991066
758011 988058
758043 675477
758371 583683
758569 413224
758675 824216
758870 801156
759161 53725
759188 46644
759204 660391
759275 571189
760045 874793
760144 211103
760270 918275
760876 458577
760946 868468
760988 200118
761208 325934
761301 196810
761498 604406
761607 223596
761862 876664
761885 341230
762103 784128
762185 356517
762343 164227
762477 902238
762538 545946
762631 673395
763196 267165
763607 518915
763788 396764
763881 856501
764192 610483
764225 944077
764400 550037
764651 112277
764716 946990
764721 248046
764741 100039
764879 551047
765033 810435
765183 686571
765375 380965
765390 866862
765628 61575
765717 217142
765814 810408
766305 87159
766393 998695
766432 381646
766643 508996
766644 456936
766835 543532
766858 115252
766897 542260
766959 139429
767070 607361
767120 906277
767472 367998
767644 19443
767868 449434
768196 281886
768500 31822
768768 4176
769474 370254
769621 697543
769821 301658
769853 639143
769855 765681
770213 59566
770779 48217
770872 164931
771048 101375
771152 726413
771400 629349
771571 400503
771578 818650
771775 883202
772381 825969
772527 793910
772804 153472
772912 248981
773317 136435
773511 331996
773730 950442
773806 807245
774081 498146
774648 547697
775026 710160
775052 195160
775542 788416
775820 479764
775878 806968
776335 599573
776466 21487
776485 895628
776691 853052
776720 182198
777185 924112
777220 868387
777275 857166
777492 670184
777730 864887
778041 416733
779234 473667
779361 278477
779949 896293
779961 795126
780066 492914
780126 592782
780128 927816
780149 349012
780611 784521
780856 525458
781559 9432
781672 248092
781840 418287
781852 696887
781881 779143
782034 772659
782060 705546
782131 593445
782204 16741
782524 499839
782628 34433
783133 374225
783134 31656
783329 508044
783879 473945
784131 35969
784132 37164
784397 765762
784873 214836
784927 918660
785130 96656
785581 382975
785592 191070
785898 184298
785934 838084
786140 952798
786218 427214
786308 886650
786565 442105
786954 874388
786983 470736
787104 11003
787114 562797
787180 188696
787275 576142
787325 699993
787430 625749
788408 438803
788474 651694
788632 957491
788727 737173
789101 804839
789484 163826
789566 411108
789587 997941
789645 782961
790032 99654
790176 659895
790275 745199
790916 982662
791487 906824
791670 989616
791918 464666
792102 58675
792179 786244
792449 744607
792507 366001
792546 420723
792974 804852
793927 619000
793977 943109
794047 194686
794587 287889
794668 647752
794706 862785
794988 239246
795071 832669
795085 409996
795233 246020
795788 122972
796255 32055
796610 870669
796918 861208
796961 128399
796986 257239
797132 415115
797221 398955
797269 279955
797278 786455
797288 347704
797404 4810
797407 78139
797521 710566
797613 254578
797867 194779
797938 312173
798462 973706
798483 592013
798601 903026
798787 866148
799197 676070
799338 112236
799627 720498
800040 438044
800114 160274
800115 958226
800183 587249
800275 582839
800367 296792
800417 358914
800541 24593
801206 366720
801254 954984
801265 491459
801471 648069
801486 889673
801539 602330
802078 518611
802279 594837
802459 717795
802837 250921
803075 564109
803091 753451
803287 624838
803441 89721
803515 703623
803620 618397
803721 379335
804152 349710
804200 690358
804275 521845
804727 192336
804731 356679
804738 780879
804825 360869
804972 765414
805024 583472
805570 940038
805866 106690
805916 689806
805989 191639
806019 226809
806164 968581
806242 566533
806256 868182
806405 891692
806645 864100
807673 1642
807797 313603
807821 539195
807822 676959
807957 427464
808463 691854
808712 461855
809218 918497
809232 674089
809256 776903
809283 923228
809676 184163
809811 31180
810018 287816
810084 893456
810220 635340
810301 584268
810526 254141
810918 191532
810925 79474
811007 278646
811238 424344
811502 788580
811563 760381
811686 913588
811756 237997
812005 216008
812076 674035
812270 746442
812357 89817
812860 222324
813309 711019
814558 301783
814599 637317
815059 41857
815184 482178
815283 547320
815340 568649
815736 266202
816356 801917
816490 207508
816621 556222
816876 2126
817229 772666
817266 962180
817354 867732
817598 518817
817619 795079
817691 337241
817903 55935
817961 360068
818151 381898
818219 520694
818388 296202
818452 513778
818530 773450
818551 200453
818649 46594
818816 873475
819849 272780
819855 939464
820044 543198
820477 727622
820485 696419
820579 517177
820726 714328
820888 9334
820948 510871
821055 814718
821082 830485
821142 54256
821351 159715
821565 287058
821617 63807
821657 352192
821660 185255
821703 980465
821859 837271
822362 304938
823042 562816
823073 331537
823190 373600
823591 450002
823804 451403
823943 560894
823995 502169
824073 269193
824108 806252
824324 577835
824426 952994
824442 417220
824487 805107
824575 672823
824780 418568
824885 899202
824890 834366
824969 478995
825007 731516
825104 933722
825170 679139
825273 40016
825339 700043
825342 81131
825379 216625
825446 142412
825545 892263
825758 397124
826170 471130
826721 731476
827068 537287
827138 302685
827510 837944
827624 255746
828009 254298
828385 42110
828453 686518
828758 608025
828852 17693
828967 135066
829160 33975
829285 259504
829318 378138
829455 592375
829459 319172
829801 856691
829855 286302
830040 727177
830166 148989
830376 698577
830559 749210
830681 886832
831044 897264
831131 840716
831145 803858
831300 241355
831506 448457
831613 931813
831626 383324
831992 196763
832021 152575
832045 69408
832108 148447
832143 583796
832175 320191
832185 891481
832541 135289
832571 521021
833218 155626
833278 597046
833527 455628
833631 360055
833676 145377
833982 488188
834169 328304
834323 614320
834404 644686
834558 348513
834627 11633
834699 754410
834873 900648
835080 875117
835533 992020
835620 712195
835680 9209
836164 212413
836282 123068
836323 432301
836520 532587
837109 109875
837252 2448
837416 49081
837577 617758
837663 352265
837792 680739
837860 474588
838028 184412
838098 524312
838215 846038
838309 152990
838409 994101
838419 584296
838478 818621
838702 842994
838795 214072
839195 451331
839820 6612
839887 11972
840046 897299
840162 884209
840461 645466
840496 959926
840774 760573
840787 118312
840938 117685
840986 285841
841498 967559
841607 246115
841868 743930
841999 55042
842006 914474
842130 385389
842226 522213
842352 633638
842373 626514
842663 596416
842975 996897
843496 86714
843704 866094
843963 45440
844104 627651
844513 217307
844680 407452
844714 160736
844803 217454
844850 747967
845043 742362
845055 842120
845702 191002
846084 807114
846299 102798
846713 172344
846802 951054
846917 506427
846923 673637
847197 662702
847404 955349
847496 316329
847778 830268
847981 640768
848017 947316
848602 691153
848765 984269
848964 782631
849613 410537
850041 2233
850089 948055
850130 740311
850512 798818
850973 237498
851302 323684
851398 175324
851827 157337
851886 975732
851945 373799
851972 173039
851984 611831
852357 448694
852449 34560
852531 876044
852553 847613
852611 945226
852635 967364
852810 689336
852850 201575
852885 361681
853055 43265
853320 804915
853490 249073
853519 223575
853682 616019
853698 958750
853738 395329
853772 91254
854115 148666
854265 607121
854304 184377
854386 110975
854532 574095
854695 195768
854731 539126
854938 221092
855056 988141
855082 969053
855200 321948
855274 891247
855385 433356
855781 386187
855874 988543
856000 402032
856075 829949
856267 332244
856842 849095
856886 293438
857185 102053
857187 815579
857224 248885
857420 780465
857598 973757
858463 737835
859048 197657
859076 18001
859514 204021
859966 742507
860902 422401
861375 758279
861439 754436
861857 576116
861915 605565
862252 287114
862652 212819
862788 921443
862893 19344
863526 31691
863761 351480
863819 467600
863910 478944
864201 727583
864460 274702
864590 144392
864639 98760
864807 163362
864812 251773
865095 391951
865125 267212
865613 86127
866034 273313
866094 588236
866120 898949
866162 772085
866303 659194
866698 495634
866932 779418
867047 793913
867271 962016
867742 798103
868314 307342
868677 245456
868989 767518
869225 731606
869344 683874
869506 298327
869720 8070
869853 128017
869861 654372
869944 817923
869992 629638
870338 417266
870374 33827
870417 390591
870515 828308
870551 294332
870644 919139
870915 306494
871588 988860
871684 270553
871745 934620
872232 307986
872565 172815
872728 108014
872969 453695
873077 818541
873115 153453
873126 51662
873403 898438
873794 452998
873847 747617
874093 615790
874204 747098
875058 140233
875299 138946
875329 780145
875501 191929
875601 700844
875649 213906
875767 77013
876262 969652
876832 493699
877071 436869
877566 182194
877845 107803
877948 462062
878181 83408
878297 146925
878473 601845
878720 490737
879105 259979
879282 652391
879361 542294
879713 320090
880422 281568
880742 925301
880762 809365
880789 372589
880804 86961
881278 496398
881678 965365
881927 866632
882077 130025
883209 179926
883291 743012
883557 623067
883804 418885
884009 527342
884062 947275
884186 380791
884595 518324
884774 864810
884777 301133
884994 863407
885092 917324
885256 205036
885462 459712
885653 715154
885747 937028
885914 613567
885930 753815
885986 763103
886159 610935
886473 528275
887030 197407
887242 782937
887417 161770
887471 666045
887995 770889
888067 873974
888078 846736
888551 49065
888600 385800
888610 66622
888618 872584
888709 689012
888818 568136
888830 117206
889334 177912
889378 439608
889771 310597
889812 580289
889833 627739
889837 149942
890356 349673
891079 844398
891105 809679
891590 182545
891858 40241
892043 274126
892550 195060
892794 924628
892851 272833
893388 745318
893962 388596
894059 859353
894889 914094
895046 700086
895161 970000
895286 762965
895333 947096
895463 514
895795 861503
895941 480019
896095 289817
896221 984563
896354 966464
896546 542339
896574 380281
896578 508269
896680 666848
896762 668658
897249 864026
897285 172893
897752 623659
898244 571496
898335 196860
898389 34357
898815 144033
899493 120009
899532 155498
899591 903179
899749 599425
899870 102316
900130 290201
900239 131558
900395 436411
900507 584849
900569 615495
900602 170085
900825 200334
900844 98819
901224 923868
901332 163268
901377 969971
901491 240160
901582 613236
901656 805936
901675 106620
901778 85308
901813 298017
901933 43038
902233 62000
902337 566376
902766 36271
902882 847313
903259 950166
903326 861617
903975 802512
904543 256788
905376 900336
905814 425886
905843 157528
905852 151821
905938 34939
906191 167334
906227 740220
906251 947698
906266 948307
906539 821933
906759 13015
906787 881446
906810 579930
907275 861612
907368 678809
907769 891330
907983 179278
908557 352255
908661 542579
909866 916611
909886 298943
910061 988497
910359 917767
910390 817931
910509 48821
910930 91019
911103 424502
911157 636271
911408 203323
911411 820428
911545 219933
911605 19066
911697 95009
911719 121702
911889 903461
912088 650861
912229 311213
912799 375084
913539 190452
913936 993924
914296 810397
914340 177347
914574 140454
914908 876723
915024 945659
915323 859803
915418 457672
916479 628853
916740 318110
917167 300431
917386 977799
917539 691776
917967 417182
918112 692094
918286 716774
918443 760930
918469 120051
918512 769006
918938 199104
919021 984131
919030 294300
919089 302025
919405 133004
919886 67490
920421 820073
920460 72531
921048 650493
921332 675774
921418 659187
921453 747314
921467 662050
921479 71605
921866 757643
921954 821176
921993 111862
922059 48048
922063 47449
922067 978220
922671 664391
922785 260875
922967 52167
923010 933207
923018 597747
923377 132176
923518 695472
923593 443834
923931 867817
923988 891108
923994 349305
924019 26889
924488 965693
924639 6422
924838 552957
925066 374053
925286 118339
925763 656337
926280 519550
926485 247643
926539 979017
927403 436574
927456 603014
928102 998521
928110 600767
928133 52955
928224 358547
928292 93510
928559 610456
928891 595004
928932 644874
929138 156275
929285 897455
929503 565906
929761 386781
929768 86759
930020 370931
930272 187278
930503 2348
930769 350020
930889 78009
930899 4037
931075 134725
931323 363717
931587 715869
931837 480972
931983 948658
932012 307309
932309 932739
932328 308297
932381 659000
932630 437703
932929 976597
933123 564603
933245 731530
933259 39856
933418 82555
933436 776203
933669 128879
933862 722612
934272 71727
934346 604960
934371 281552
934534 68575
934626 731682
934789 45534
935105 523883
935168 126299
935762 471812
936487 479998
936556 996364
937108 201573
937169 539707
937387 581129
937901 931615
937923 93282
938071 915112
938157 397452
938715 27630
938850 594018
939105 150612
939229 643576
939347 542652
939397 192950
939956 639302
940105 995217
940370 41934
940604 587426
940817 540729
940946 719382
941017 118302
941931 864871
942004 627920
942257 476179
942469 463810
942481 854940
942640 45098
942860 34731
943530 166469
943629 689076
943687 642846
943841 616498
943912 1741
943957 5895
944392 153205
944772 617342
944881 926959
945246 192120
945350 420232
945393 357855
945469 713106
945481 624814
945513 429012
945890 488342
945928 243350
946095 585819
946151 264363
946517 42272
946853 172909
946856 5662
947041 872606
947580 144104
947590 597304
947610 628950
947862 410934
948166 24738
948265 79243
948334 394842
948437 588781
948596 746422
949322 439046
949634 599393
949941 180057
950150 920661
950342 519907
950583 539932
950922 854325
950932 199340
951102 388220
951466 226838
951564 901477
951610 756114
952317 212289
952379 338672
952822 400880
953503 698456
953771 769368
954226 758575
954338 85252
954366 790225
954519 297884
954788 511621
954819 796238
954978 961835
955079 173034
955102 262056
955136 621420
955154 511620
955375 475473
955419 784883
955440 111785
955442 885419
955944 580410
955990 125840
956448 845678
956515 582181
956590 208915
956794 8540
957087 315053
957181 897598
957232 692387
957528 368422
957598 414812
957936 781079
957943 670653
958000 205844
958537 11734
958876 17545
958982 249355
959234 619687
959287 421559
959401 615137
959676 677630
960113 249531
960768 598146
960864 647882
961008 201786
961208 121021
961231 89323
961451 148692
961585 35992
962147 101623
962278 144190
962823 562510
963819 497410
964242 447000
964531 696423
964602 245378
964727 146625
965002 685047
965194 918136
965471 232440
965485 686884
965568 200652
965773 435701
966445 589868
966562 651772
966882 139629
967330 787664
967480 258408
967511 500163
967637 622725
967694 634247
967853 350541
967939 181702
968084 973281
968237 613602
968420 422882
968630 781137
969135 969691
969542 713573
969625 473552
969673 594290
969813 732009
970049 55847
970126 607878
970685 680827
970766 635128
971012 5392
971125 33910
971587 263505
971606 615961
971838 459548
971887 146533
971935 223721
971963 990589
972062 192516
972624 650817
972852 600299
973102 493806
973198 635260
973208 714146
973326 683901
973406 535253
973674 343281
973700 775353
973779 399950
974032 409980
974039 40790
974308 260553
974773 295232
974791 904156
974947 444548
975516 287144
975560 144061
975577 171161
975930 892614
976045 893999
976118 104943
976781 396431
976836 698633
977131 78519
977307 932719
977836 413247
978093 134845
978777 394570
979495 873706
979545 507022
979567 372871
980017 814207
980525 578225
980652 223643
980814 568630
980933 385099
981086 70234
981180 16607
981210 522781
981224 877378
981246 831024
981280 2992
981422 436970
981536 273486
981550 417293
981743 93692
981910 823105
982327 264069
982893 502723
982902 276629
983215 667987
983368 849118
983711 245167
983746 691515
983889 90189
983894 572844
984038 461118
984120 416964
984159 502537
984188 941336
984219 703939
984462 848025
985050 733134
985077 944197
985687 589478
985855 844411
985857 960035
986108 217183
986313 975502
986333 457093
986850 962798
986886 657435
986941 945862
986990 733560
987032 877590
987040 126836
987246 532521
987358 151936
987368 319396
987717 492760
987837 245764
987980 520256
988401 781731
988412 461417
988655 103041
988732 105044
988972 176605
989282 526301
989290 699235
989392 946134
989742 426420
989761 269565
989863 637747
989866 947234
989934 392876
990134 688391
990189 703769
990433 82334
991249 12846
991491 881467
991689 266983
991713 157216
991913 155931
992164 809607
992577 327108
992656 980020
992687 52651
992803 198972
993007 995795
993054 245958
993083 611873
993287 973058
993360 461358
993418 340629
993528 66080
993763 350364
993765 394511
993880 487163
993934 837208
994138 168755
994360 684130
994534 410369
994553 4592
994645 955385
994749 699754
994779 712171
994963 385708
994995 168845
995044 835885
995191 956209
995235 779633
995390 981291
995565 381635
995667 510666
995800 867456
996202 455801
996736 809715
996988 623635
997847 127606
998095 507207
998103 831472
998276 456640
998308 742101
998396 951874
998479 411961
998509 405751
998529 162259
998549 765856
998559 619436
998700 74512
999030 933146
999105 833176
999123 564617
999183 685018
999201 919559
999326 137439
999431 311652
999576 75837